El mapa del deposito es:
[0, 0, 0, 0, 0]
[0, 1, 1, 1, 0]
[0, 1, 1, 1, 0]
[0, 1, 1, 1, 0]
[0, 1, 1, 1, 0]
[0, 0, 0, 0, 0]
Las ordenes del ultimo año fueron:
[ 0-> 1-> 5-> 0-> 4-> 7-> 0-> 6-> 2-> 0] 
[ 0-> 2-> 2-> 1-> 0-> 5] 
La solucion es: 
[(1, 1), (2, 1), (4, 1), (1, 3), (2, 3), (3, 1), (3, 3), (4, 3)], 23.0
fitness promedio
[28.6, 27.6, 29.0, 28.8, 28.5, 28.7, 28.2, 28.7, 27.7, 29.6, 28.2, 28.7, 28.4, 28.4, 27.9, 28.6, 27.8, 28.3, 28.6, 27.9, 29.1, 28.8, 28.7, 29.0, 29.3, 27.8, 29.0, 29.8, 29.2, 29.0, 29.2]
fitness hijo
[25.0, 25.0, 23.0, 24.0, 25.0, 25.0, 23.0, 24.0, 23.0, 25.0, 24.0, 23.0, 26.0, 23.0, 23.0, 23.0, 23.0, 24.0, 23.0, 25.0, 26.0, 26.0, 27.0, 26.0, 27.0, 26.0, 27.0, 28.0, 25.0, 25.0, 23.0]
Tiempo de ejecucion
424.41415667533875
